2051 6
1788 3
1233 0
926 5
2053 1
2083 3
2370 6
1306 6
1354 6
603 2
571 3
1132 3
766 1
789 2
108 6
1196 3
2462 2
2043 3
293 0
1626 2
2376 6
1619 2
2399 6
1887 1
467 1
1449 2
2200 6
2425 0
2128 2
1304 2
1613 0
1596 3
1003 4
1645 2
1537 2
2476 1
2358 2
33 0
73 3
1010 6
586 1
1825 2
1880 1
1666 6
612 2
1521 2
10 5
2254 2
1539 2
311 3
1640 2
860 2
187 2
2417 2
878 2
1791 3
523 2
90 2
1663 6
2084 3
1225 2
246 2
1223 0
405 2
1042 2
864 3
297 2
1827 6
2352 2
729 2
1032 3
1846 3
1953 1
2409 3
1309 1
442 0
1276 6
1702 3
906 3
2336 1
327 2
549 2
354 2
740 6
1792 6
1715 1
370 2
1013 2
216 6
56 6
1633 2
1116 2
2205 2
745 6
854 2
1469 0
944 3
1379 2
493 5
1093 2
402 3
1385 4
2294 4
748 2
1898 1
313 0
1155 5
2247 3
2070 3
2235 0
2363 2
1401 2
845 6
1427 1
364 2
1858 2
1103 1
1870 2
298 2
384 0
1681 2
1957 1
1495 2
805 5
2314 0
68 0
96 0
2119 1
1012 4
1584 4
1722 0
2320 1
1453 5
1302 2
1538 2
1481 2
1100 2
440 5
865 1
528 1
2427 2
2478 2
489 5
1027 2
704 6
2010 4
1817 6
1074 1
2284 6
771 6
797 2
1377 6
1487 3
151 4
65 2
1305 2
2242 2
366 3
798 2
817 4
1275 5
1946 1
2178 2
682 6
23 2
1774 1
1959 1
2007 4
791 2
2199 6
2177 0
2069 2
91 3
962 2
2145 2
1972 6
1217 2
2123 1
1263 2
470 1
2087 2
340 2
557 2
947 4
1782 2
1849 3
1099 4
1308 2
822 4
1876 1
1814 2
2155 2
985 0
796 3
1360 2
2259 2
1388 6
1929 5
1035 2
721 1
309 2
95 6
1672 6
400 2
889 6
2262 3
917 1
2025 1
1851 0
2228 2
1952 1
1657 2
2215 1
1964 1
762 1
31 1
2184 3
2410 2
2013 4
1293 6
733 2
660 2
1830 6
290 3
383 5
2122 1
1821 0
1855 2
355 2
420 3
2319 1
1693 2
304 4
256 4
648 3
1137 2
2280 3
170 4
2423 6
2282 2
1395 1
1163 2
1994 1
819 2
2213 5
1516 2
1926 5
1149 2
1069 2
765 1
2212 2
1859 6
1668 2
2018 6
1566 2
1353 2
1270 6
1685 2
1689 6
2011 0
1762 5
1575 0
910 2
1460 2
1454 2
436 4
322 6
1600 5
2304 2
1527 2
780 1
1452 1
1496 6
2014 6
969 3
1091 2
982 0
2040 3
1235 1
2144 6
1740 2
512 4
1210 1
224 1
595 2
282 2
711 2
563 3
957 6
927 5
507 1
156 2
1201 2
213 0
1462 6
1699 1
1111 2
589 3
1226 4
687 2
1676 2
97 6
1643 2
1654 0
1540 4
2118 1
281 2
795 3
64 3
1834 4
1097 4
1642 4
678 6
344 4
2346 1
2169 2
1989 1
1556 6
1430 3
148 6
2221 0
250 3
996 2
1655 0
509 4
252 2
2386 0
407 2
2104 3
323 5
2163 2
315 0
222 2
1218 6
951 4
1077 6
1030 2
2151 1
497 1
628 2
1737 3
2375 4
616 2
75 0
546 2
1503 2
1351 2
469 1
1886 1
233 6
181 1
2273 2
851 2
1941 1
502 1
1122 3
1974 1
464 1
1857 5
1194 4
543 2
30 1
650 2
270 2
585 1
50 6
481 2
15 0
1881 1
2274 2
874 3
2224 1
1546 2
2004 4
1726 6
519 3
385 4
2194 2
561 3
1292 1
907 1
862 6
1089 2
1621 3
234 2
1635 2
1051 4
977 2
601 1
1050 4
813 1
1954 1
542 2
1882 1
1550 6
1389 0
1445 2
608 6
278 1
610 6
1332 5
48 2
1124 3
1041 2
1552 3
2146 2
415 2
918 1
1939 1
2313 2
882 0
468 1
545 3
167 4
1869 6
1987 1
1020 2
1812 3
2387 0
1374 6
63 3
264 1
1502 6
2450 4
314 0
1333 1
2251 3
1597 3
1803 5
1634 2
1166 2
2442 2
902 4
2379 0
460 2
2394 1
421 1
1535 1
373 1
403 2
2297 2
2171 6
1945 1
1564 0
1229 6
619 6
1873 1
587 1
831 0
884 0
2468 6
1599 5
1490 3
1649 2
368 0
2391 4
1458 4
1936 1
236 0
39 0
1879 1
1977 1
2137 6
786 2
1024 3
2389 3
450 2
312 4
1983 1
494 1
1703 3
1164 6
1232 1
993 3
1958 1
1062 2
1602 0
2015 1
1690 6
2150 1
386 2
1969 1
1960 1
1450 1
1121 3
1437 1
1438 4
433 3
1839 1
2473 4
1126 3
2075 3
1238 0
810 1
1072 1
38 0
511 2
2414 2
2329 2
574 3
827 2
411 2
1720 1
2160 2
472 6
1973 6
2305 2
1593 1
1622 5
112 4
158 2
583 2
2125 1
117 1
1117 4
416 2
1532 1
375 4
2474 1
2185 3
110 1
1115 3
465 0
1981 2
1580 2
2103 3
644 3
379 2
974 1
2176 0
474 1
2234 0
382 1
2093 3
784 3
716 4
207 4
2434 2
1620 0
794 3
2256 2
2356 2
2285 2
886 2
51 1
1337 1
341 4
376 2
724 0
1328 2
1123 3
408 2
1108 3
750 2
466 1
1288 5
570 3
1805 0
1497 6
2120 1
1476 0
1468 2
1644 1
461 5
1775 3
686 2
892 4
531 3
1542 2
527 1
2114 3
1560 2
807 2
1725 2
522 1
491 5
324 2
206 2
1914 1
834 6
2218 5
1067 3
2245 3
2236 0
2372 2
2265 0
626 2
325 6
360 6
2055 1
1579 6
1101 2
229 2
147 4
2420 2
2147 2
1425 1
1828 2
136 0
1339 6
2026 4
2299 6
1426 4
1433 1
1028 5
2162 2
2095 3
651 2
2388 3
1207 6
1463 6
1976 2
1038 2
2298 6
1978 6
1181 3
2219 5
701 2
928 0
2260 2
1322 0
1046 6
1206 6
2413 4
1850 3
1604 0
449 6
2342 4
2041 3
621 1
2019 0
700 3
581 3
2050 0
342 2
1808 0
1517 6
1783 3
1761 5
588 2
1285 3
1905 1
1918 4
253 1
477 1
1066 2
1785 1
381 0
496 1
2255 4
642 6
296 3
14 5
671 2
2323 1
1794 2
1367 2
1773 1
2272 2
1191 2
777 1
1709 6
665 2
1986 1
1380 2
2377 5
1371 2
205 3
961 2
2192 2
743 2
673 6
1847 3
1829 2
62 3
1008 5
894 2
1170 0
1443 2
2198 6
111 3
2443 2
2333 4
28 2
1168 2
369 4
1061 2
100 6
932 2
2422 0
1336 2
2318 1
1144 2
1017 3
1662 1
1039 2
1823 1
1106 5
361 0
709 0
2180 6
1591 5
2074 3
558 3
1899 1
746 6
1912 2
29 2
775 1
1548 0
32 0
2193 2
613 2
2316 4
89 6
4 2
16 6
272 4
593 1
214 6
1127 3
2067 1
1318 2
2328 1
534 4
367 6
2458 6
1025 3
1286 2
18 0
1227 2
413 2
225 2
1734 3
223 5
2209 2
251 2
1682 6
274 2
275 2
2437 2
1806 0
2310 2
2469 6
1893 2
767 1
763 3
602 1
1146 6
276 3
562 3
1738 1
1647 2
1943 1
2037 2
7 6
424 6
749 6
1993 2
2072 3
1653 3
869 2
94 1
202 2
1224 2
1673 3
1811 2
1246 0
1382 0
1400 2
1475 2
1157 0
378 6
997 2
2345 0
78 5
706 1
144 2
1082 1
1054 2
1603 4
2452 4
1947 1
2059 2
1522 2
615 2
2096 3
779 2
0 5
525 2
1019 2
1404 2
190 0
1260 4
1718 1
2020 6
1175 2
1419 6
57 6
321 6
2124 1
163 1
2174 2
2208 2
245 2
2079 3
1486 2
1506 6
2166 2
710 6
742 6
853 6
1748 3
1674 1
1136 1
1577 2
126 3
446 2
1314 6
1797 0
2308 6
55 6
1413 4
2411 0
999 6
232 4
25 2
726 4
1415 2
924 1
300 5
1183 2
690 2
1378 5
2349 1
1047 6
1810 3
457 5
1924 6
508 1
329 2
1222 6
1742 0
866 1
1465 0
734 3
1244 2
2311 3
1448 3
1257 2
1000 1
1245 0
787 1
1262 2
1543 2
302 3
1178 0
966 1
632 1
101 2
268 2
1280 2
2230 2
1242 1
2204 6
1648 2
2365 2
1184 2
2433 6
2154 6
2325 2
903 4
643 3
154 2
1096 1
1688 2
1331 5
1853 2
1636 2
1717 1
479 2
132 4
597 2
559 3
1772 1
36 3
372 2
730 2
1480 2
1301 6
1650 2
1860 0
1081 1
1601 1
518 2
1056 2
981 0
1967 1
736 2
592 1
82 2
756 4
1605 6
1362 3
694 2
1021 0
1961 1
715 3
2402 2
1125 3
149 3
1418 6
1624 0
1755 1
1728 6
88 0
2202 2
2143 6
115 4
118 2
2392 1
1816 5
1884 1
606 0
1840 1
1984 1
1614 2
1659 2
1340 2
965 1
922 3
129 2
1391 3
338 4
1948 1
2022 2
2206 3
1009 6
1078 0
1482 3
1751 2
1329 1
1592 2
2249 3
1683 0
221 1
305 2
1731 2
2269 1
670 2
1949 1
67 0
770 0
159 2
487 2
504 2
1530 1
1697 2
2211 5
1864 4
1889 1
552 2
141 2
2477 1
567 3
925 2
1598 0
462 5
2415 2
2288 2
800 6
480 0
1863 2
577 3
2460 3
46 6
893 2
1789 3
609 6
2270 1
1169 0
371 2
1031 2
1204 3
406 4
1745 0
320 2
211 4
1086 1
1658 5
1182 2
1186 4
858 2
1114 3
1303 1
1167 6
1625 3
1678 1
808 1
74 1
255 2
1131 3
1092 2
2186 2
168 0
2107 3
1148 2
1064 4
2188 1
868 2
1652 3
2045 3
980 2
1271 6
429 6
684 2
2179 2
319 0
267 6
2364 2
2129 2
727 3
1545 2
514 1
45 6
419 2
2266 2
106 6
105 1
1055 2
1639 3
2400 6
2196 2
1057 1
912 2
142 3
2428 0
761 6
269 0
1214 5
1139 4
1589 2
445 4
548 1
1979 3
271 2
1923 3
451 1
1753 4
2105 3
801 2
1807 0
299 2
804 5
913 2
713 0
2436 2
520 1
2322 1
418 4
2337 1
649 2
718 1
2140 1
86 1
1073 4
1578 3
2133 1
2445 6
2000 4
1409 4
160 4
1970 6
1034 6
13 6
1464 0
685 2
915 4
125 2
654 6
410 2
395 3
2398 3
482 1
182 6
2109 3
1347 2
121 0
1710 6
145 5
991 1
425 6
995 5
2057 6
672 6
723 2
560 3
199 2
217 6
47 5
212 3
219 2
666 2
1243 2
1098 2
1372 6
292 2
1177 0
2303 2
428 4
954 2
1173 6
1160 0
1571 3
747 0
475 1
1198 5
2006 4
2035 2
1795 2
2156 3
2432 1
1766 3
1310 0
1769 6
630 2
1854 3
196 2
1118 4
2167 2
792 1
143 2
1442 2
2060 4
1541 2
365 1
2446 0
119 0
1444 2
12 6
1384 4
1990 1
1355 6
2354 1
174 0
2397 0
1519 4
1026 3
294 6
2335 2
1510 3
821 2
58 1
653 2
353 6
265 2
1090 2
1249 0
1995 2
1344 2
412 6
741 2
1472 3
1298 2
891 3
198 1
1992 6
1070 2
1551 6
692 6
1770 6
758 6
455 2
1698 6
2347 0
1457 0
1777 3
872 3
2009 4
1515 4
387 3
883 1
150 3
1837 2
2383 1
2085 2
1865 1
2086 3
1583 0
1735 2
970 0
176 1
1023 3
1691 2
2289 2
594 1
885 0
204 2
1922 3
2330 2
1439 4
1179 0
2416 3
538 2
1113 3
1088 2
1119 4
1868 1
2459 6
1033 2
815 0
598 2
1402 2
696 2
2373 2
1802 2
1991 1
423 6
1200 0
2097 3
2052 1
596 6
261 0
1256 2
2464 1
349 0
1441 3
505 1
2223 2
986 2
26 1
1696 1
940 5
1251 1
1708 6
1282 1
661 2
579 3
989 0
1153 0
2263 2
1950 1
171 6
2281 6
2142 0
1561 2
1609 1
1393 4
2100 4
2197 2
1493 2
1687 2
849 2
2312 6
720 4
273 2
2071 3
2027 4
841 6
2226 2
679 2
1018 3
2152 2
1746 6
669 2
98 4
218 6
1919 2
1434 1
958 2
1907 6
503 1
943 6
1484 3
427 2
1315 2
1424 6
1719 1
1110 3
76 6
500 1
1528 6
1363 3
825 2
1809 3
2029 2
515 1
1221 6
1500 3
2339 1
1461 6
1141 6
1871 1
565 1
899 2
1588 2
1623 0
950 2
388 2
239 0
1776 6
955 6
1513 2
1269 2
1159 0
1815 2
2126 2
2173 2
2264 0
1877 1
1080 0
1763 5
887 2
806 5
605 1
1423 2
1554 1
809 1
652 2
737 4
539 6
1477 2
431 3
1629 4
1143 3
1756 0
1747 6
1525 0
1296 1
83 0
2047 0
1421 1
1368 2
840 6
759 0
2068 2
1411 4
731 6
582 3
973 2
2291 2
2036 2
1664 6
725 2
938 2
1029 2
1253 3
1767 3
1675 2
575 3
350 3
1473 6
870 3
1841 1
390 2
2227 2
638 6
1909 6
2021 1
823 2
1843 3
260 2
1790 3
2301 5
1723 6
663 6
1555 2
1754 1
2092 3
348 2
1739 2
99 2
2031 2
1366 2
1295 1
2287 6
243 6
197 2
998 6
1412 4
37 0
1414 4
2048 0
2238 4
1714 4
1573 3
842 6
220 2
2214 6
568 3
2355 6
963 2
1338 6
2066 5
1219 2
1383 3
85 4
430 0
2138 0
397 1
772 6
657 2
362 6
2449 5
994 2
1466 0
301 0
633 1
1670 6
2141 0
1299 2
636 2
2164 2
1250 0
897 2
1533 1
540 0
2348 5
2479 6
49 3
2153 0
1489 3
1563 3
103 2
1520 4
2091 3
42 2
1048 6
935 5
554 1
1359 6
1036 2
1988 1
2182 3
839 6
1446 4
1165 4
1436 2
444 3
537 4
1079 0
890 3
1507 6
728 4
2135 3
80 2
1313 2
717 2
2090 3
113 2
1628 0
1151 2
1607 2
258 4
2024 2
332 6
138 4
2237 2
359 0
674 1
623 3
1176 0
357 3
2457 0
242 0
668 2
2448 6
811 3
2271 2
667 2
1999 4
2278 2
2435 2
971 3
764 5
836 6
735 3
2106 0
456 2
1512 3
1346 2
227 2
2191 3
1743 0
600 0
2077 3
2233 3
277 2
1052 3
1968 1
1364 1
1627 2
1252 4
1112 2
2111 3
1161 1
1261 2
1749 4
590 2
707 6
584 2
1701 3
1209 1
140 0
2359 2
1559 6
802 5
1680 2
875 3
131 2
41 2
1059 0
1104 6
1220 2
2444 6
677 2
916 4
193 6
1248 0
133 0
1677 3
1764 6
2407 2
2470 1
393 6
1963 1
2341 1
1786 2
1397 6
1631 1
164 2
1234 1
2132 1
104 2
1867 1
307 0
2049 0
1576 2
2061 0
1514 2
93 2
1203 3
987 2
576 3
331 2
485 2
1255 2
2102 3
693 6
2033 2
909 2
454 2
1085 2
2390 1
1158 4
2062 1
1781 0
880 6
1053 1
931 2
2225 6
1526 6
732 3
948 2
401 2
2003 2
1524 0
618 2
2439 2
2189 3
2382 1
1518 2
1800 2
1327 2
1523 3
1544 2
2063 0
1660 0
135 5
1478 2
1927 0
249 2
266 1
44 3
1819 3
336 0
2378 2
2396 0
434 1
908 6
1686 2
1713 1
484 2
1399 4
2222 5
1938 1
306 3
2447 0
192 5
708 1
2426 0
374 2
1705 2
2454 4
788 2
929 2
760 0
54 2
20 1
1145 4
2463 3
2058 2
200 1
2008 4
1037 2
1386 0
2296 4
1435 3
921 3
1897 1
1793 1
1585 0
550 2
1193 6
1937 1
979 2
1741 0
1237 6
829 2
773 0
939 3
1932 1
1205 0
1616 2
530 2
2429 6
2307 2
1962 1
1933 1
1134 1
1975 2
1890 1
2017 2
1934 1
1692 2
53 6
1356 6
1706 5
184 6
1330 1
1044 6
289 4
1187 2
2380 6
2279 3
175 2
1921 1
629 3
2076 3
70 3
1511 2
1779 0
1547 4
622 6
1213 6
2475 6
194 0
210 2
1394 1
919 3
933 2
604 2
599 2
389 2
782 1
2108 3
703 2
1557 6
248 0
1955 1
2369 2
816 2
1499 0
284 2
1494 2
1667 1
2385 3
1001 2
1572 3
1300 2
237 2
855 6
1084 5
1906 1
486 2
754 3
1505 2
285 2
2134 1
356 2
1455 3
2261 3
1732 6
2381 0
876 1
936 6
328 6
1567 1
247 6
2466 1
856 2
157 3
942 2
17 2
859 2
751 5
43 2
914 5
1796 3
1239 0
1940 1
2244 3
535 2
1102 2
1928 5
785 3
1716 4
1065 3
1264 2
235 4
2302 5
1910 2
2350 2
1174 0
1410 4
2044 2
2332 6
1694 3
1727 2
2028 4
2101 3
1838 1
1594 1
2195 6
1283 4
40 6
1343 6
896 2
647 2
1150 2
968 0
2293 2
832 2
1724 6
2472 6
439 3
438 3
178 6
1268 2
1190 2
1509 3
826 2
363 1
1595 3
1610 0
1917 0
2327 3
1617 3
162 0
92 1
1192 6
705 0
688 2
2042 3
1835 3
209 2
2165 2
2038 2
2404 2
1172 3
120 4
1784 1
1641 0
1432 1
953 4
123 6
1833 0
1998 4
1733 6
946 3
2023 2
2203 2
722 2
2098 3
139 4
2393 1
2187 4
1422 1
2056 2
443 3
1352 2
2248 3
1915 1
956 2
1606 3
183 2
1324 2
691 3
978 1
1428 2
345 6
1274 4
1373 6
566 3
850 2
551 6
1109 3
569 3
66 1
240 6
2361 2
1281 2
2149 1
422 0
2306 2
904 2
664 1
1780 0
1798 0
1744 0
2441 2
1120 4
2099 3
2158 1
1195 1
2207 2
2326 3
857 4
768 2
2241 6
1094 4
2300 2
226 0
492 5
1325 0
1254 3
1273 2
1015 6
1913 6
1147 2
1608 6
553 2
2181 2
911 2
1230 2
689 2
116 1
2089 2
847 6
1966 1
863 2
72 2
1982 2
555 3
2357 2
2130 3
541 6
1997 4
1892 2
640 6
627 2
1361 6
109 2
1611 0
1211 6
2001 4
812 4
2175 2
683 4
177 4
2183 0
1142 6
1896 2
1323 2
2371 2
499 1
905 2
1350 2
1156 0
52 6
1007 2
676 1
556 2
463 0
2240 1
347 2
2054 1
1071 4
2292 2
1240 0
1267 6
495 1
1345 2
146 3
828 2
2039 0
778 2
835 6
11 2
1231 0
447 2
2455 4
1570 3
24 2
478 0
279 0
1612 0
1874 1
1138 2
1885 1
867 2
399 6
1498 6
195 6
2317 1
2401 3
435 1
697 2
752 3
1284 2
1581 6
2276 4
201 1
27 1
257 1
2032 4
1804 0
838 6
2136 3
1451 2
972 2
283 2
2338 2
1492 3
1471 3
2309 2
352 6
2467 5
1700 1
2088 2
81 2
625 2
1831 5
1826 0
1358 3
920 3
1861 0
377 2
516 1
861 6
1942 1
188 0
930 2
738 5
124 2
776 1
680 1
1289 0
1068 3
128 2
2384 2
536 2
1704 1
2157 1
398 0
2268 2
1063 4
2002 4
2344 0
2438 2
134 5
755 1
189 0
2331 2
