2051 6
1788 3
1233 0
926 5
2053 1
2083 3
2370 2
1306 0
1354 6
603 4
571 3
1132 3
766 1
789 2
108 5
1196 5
2462 6
2043 2
293 6
1626 2
2376 6
1619 2
2399 6
1887 1
467 1
1449 2
2200 2
2425 0
2128 2
1304 2
1613 2
1596 2
1003 4
1645 3
1537 2
2476 1
2358 4
33 0
73 6
1010 6
586 1
1825 2
1880 1
1666 6
612 3
1521 2
10 2
2254 2
1539 2
311 2
1640 2
860 2
187 6
2417 2
878 2
1791 3
523 1
90 0
1663 6
2084 3
1225 2
246 2
1223 6
405 2
1042 2
864 3
297 1
1827 2
2352 2
729 2
1032 3
1846 3
1953 1
2409 2
1309 1
442 2
1276 3
1702 3
906 3
2336 0
327 2
549 2
354 5
740 6
1792 6
1715 2
370 2
1013 3
216 6
56 6
1633 6
1116 2
2205 2
745 5
854 2
1469 2
944 3
1379 2
493 6
1093 1
402 3
1385 4
2294 6
748 3
1898 1
313 6
1155 3
2247 3
2070 3
2235 1
2363 2
1401 2
845 3
1427 1
364 2
1858 2
1103 6
1870 1
298 2
384 2
1681 3
1957 1
1495 0
805 5
2314 0
68 0
96 0
2119 1
1012 4
1584 4
1722 1
2320 3
1453 5
1302 2
1538 2
1481 2
1100 2
440 1
865 2
528 1
2427 2
2478 2
489 5
1027 2
704 2
2010 4
1817 5
1074 1
2284 6
771 2
797 2
1377 4
1487 3
151 4
65 2
1305 2
2242 2
366 3
798 2
817 4
1275 4
1946 1
2178 3
682 4
23 2
1774 1
1959 2
2007 5
791 6
2199 1
2177 6
2069 2
91 6
962 2
2145 2
1972 6
1217 2
2123 1
1263 2
470 1
2087 6
340 2
557 2
947 1
1782 4
1849 3
1099 4
1308 2
822 4
1876 1
1814 2
2155 3
985 2
796 3
1360 2
2259 2
1388 2
1929 6
1035 2
721 1
309 2
95 6
1672 6
400 6
889 6
2262 3
917 1
2025 0
1851 0
2228 2
1952 1
1657 6
2215 1
1964 1
762 0
31 1
2184 6
2410 2
2013 4
1293 6
733 6
660 3
1830 6
290 2
383 5
2122 1
1821 6
1855 2
355 2
420 3
2319 2
1693 2
304 1
256 4
648 2
1137 2
2280 3
170 3
2423 6
2282 2
1395 1
1163 2
1994 2
819 2
2213 5
1516 2
1926 2
1149 3
1069 6
765 6
2212 2
1859 2
1668 2
2018 0
1566 2
1353 2
1270 6
1685 2
1689 2
2011 4
1762 6
1575 0
910 2
1460 6
1454 2
436 4
322 6
1600 5
2304 2
1527 2
780 1
1452 1
1496 2
2014 3
969 0
1091 6
982 2
2040 6
1235 1
2144 6
1740 2
512 1
1210 2
224 1
595 2
282 6
711 2
563 3
957 3
927 5
507 1
156 6
1201 2
213 6
1462 6
1699 1
1111 2
589 3
1226 2
687 2
1676 2
97 2
1643 2
1654 2
1540 4
2118 1
281 2
795 6
64 6
1834 4
1097 0
1642 2
678 2
344 3
2346 1
2169 2
1989 1
1556 6
1430 3
148 6
2221 2
250 3
996 3
1655 0
509 4
252 2
2386 6
407 2
2104 3
323 5
2163 2
315 2
222 6
1218 6
951 4
1077 6
1030 2
2151 1
497 1
628 2
1737 3
2375 1
616 2
75 0
546 3
1503 2
1351 3
469 1
1886 1
233 4
181 1
2273 2
851 2
1941 1
502 4
1122 6
1974 1
464 2
1857 0
1194 4
543 1
30 1
650 2
270 2
585 1
50 2
481 2
15 6
1881 6
2274 2
874 1
2224 2
1546 6
2004 4
1726 5
519 3
385 2
2194 1
561 1
1292 1
907 1
862 6
1089 2
1621 2
234 2
1635 1
1051 2
977 1
601 1
1050 4
813 1
1954 1
542 6
1882 1
1550 0
1389 0
1445 3
608 3
278 1
610 2
1332 5
48 2
1124 3
1041 2
1552 0
2146 2
415 2
918 2
1939 1
2313 2
882 0
468 6
545 6
167 4
1869 1
1987 1
1020 2
1812 2
2387 0
1374 2
63 3
264 1
1502 3
2450 2
314 4
1333 1
2251 3
1597 3
1803 5
1634 2
1166 2
2442 2
902 4
2379 6
460 2
2394 1
421 3
1535 1
373 3
403 6
2297 2
2171 1
1945 1
1564 2
1229 6
619 6
1873 1
587 1
831 3
884 1
2468 6
1599 5
1490 3
1649 2
368 0
2391 6
1458 4
1936 1
236 0
39 2
1879 1
1977 1
2137 6
786 2
1024 3
2389 2
450 2
312 6
1983 1
494 1
1703 2
1164 6
1232 1
993 3
1958 6
1062 1
1602 2
2015 2
1690 2
2150 1
386 2
1969 1
1960 1
1450 1
1121 3
1437 1
1438 6
433 3
1839 1
2473 4
1126 3
2075 3
1238 2
810 1
1072 1
38 0
511 4
2414 2
2329 2
574 3
827 1
411 2
1720 4
2160 2
472 6
1973 1
2305 2
1593 2
1622 6
112 4
158 2
583 0
2125 6
117 1
1117 4
416 2
1532 1
375 6
2474 1
2185 3
110 1
1115 2
465 0
1981 2
1580 6
2103 3
644 3
379 6
974 1
2176 0
474 1
2234 0
382 1
2093 1
784 3
716 4
207 3
2434 2
1620 2
794 2
2256 2
2356 2
2285 2
886 2
51 5
1337 0
341 6
376 2
724 5
1328 1
1123 6
408 2
1108 3
750 2
466 1
1288 5
570 2
1805 0
1497 1
2120 1
1476 0
1468 2
1644 1
461 5
1775 2
686 2
892 4
531 2
1542 2
527 6
2114 2
1560 1
807 6
1725 6
522 1
491 3
324 2
206 2
1914 1
834 6
2218 0
1067 3
2245 3
2236 6
2372 2
2265 0
626 2
325 6
360 0
2055 1
1579 6
1101 6
229 2
147 4
2420 6
2147 2
1425 6
1828 2
136 0
1339 6
2026 4
2299 6
1426 3
1433 6
1028 3
2162 3
2095 3
651 3
2388 3
1207 1
1463 3
1976 2
1038 2
2298 4
1978 3
1181 3
2219 5
701 3
928 0
2260 2
1322 0
1046 6
1206 6
2413 4
1850 3
1604 2
449 6
2342 4
2041 2
621 1
2019 0
700 3
581 3
2050 2
342 2
1808 0
1517 2
1783 3
1761 5
588 6
1285 3
1905 1
1918 4
253 1
477 1
1066 2
1785 2
381 3
496 1
2255 2
642 6
296 3
14 6
671 6
2323 5
1794 2
1367 6
1773 1
2272 2
1191 2
777 6
1709 6
665 3
1986 1
1380 2
2377 5
1371 2
205 2
961 2
2192 2
743 2
673 6
1847 3
1829 6
62 3
1008 5
894 2
1170 0
1443 2
2198 6
111 3
2443 2
2333 4
28 2
1168 1
369 4
1061 2
100 6
932 2
2422 2
1336 2
2318 1
1144 2
1017 3
1662 1
1039 2
1823 1
1106 2
361 5
709 0
2180 6
1591 0
2074 1
558 3
1899 1
746 5
1912 1
29 0
775 1
1548 0
32 0
2193 2
613 2
2316 4
89 2
4 2
16 0
272 4
593 1
214 6
1127 6
2067 1
1318 6
2328 1
534 2
367 4
2458 3
1025 3
1286 2
18 0
1227 6
413 2
225 2
1734 2
223 6
2209 2
251 6
1682 6
274 2
275 2
2437 2
1806 0
2310 1
2469 6
1893 2
767 1
763 0
602 5
1146 2
276 3
562 3
1738 4
1647 3
1943 1
2037 2
7 2
424 0
749 6
1993 2
2072 3
1653 3
869 2
94 1
202 3
1224 5
1673 3
1811 2
1246 0
1382 2
1400 2
1475 2
1157 2
378 3
997 2
2345 0
78 1
706 1
144 2
1082 1
1054 1
1603 4
2452 4
1947 1
2059 2
1522 2
615 2
2096 3
779 2
0 0
525 2
1019 6
1404 4
190 0
1260 0
1718 1
2020 2
1175 2
1419 6
57 5
321 0
2124 0
163 1
2174 3
2208 3
245 2
2079 3
1486 2
1506 6
2166 2
710 2
742 5
853 6
1748 1
1674 1
1136 1
1577 6
126 3
446 2
1314 2
1797 2
2308 3
55 2
1413 2
2411 0
999 6
232 4
25 2
726 6
1415 2
924 1
300 5
1183 3
690 2
1378 3
2349 1
1047 3
1810 3
457 6
1924 6
508 1
329 3
1222 6
1742 1
866 1
1465 2
734 0
1244 2
2311 3
1448 6
1257 3
1000 1
1245 0
787 2
1262 2
1543 2
302 3
1178 0
966 1
632 1
101 3
268 2
1280 2
2230 2
1242 4
2204 2
1648 3
2365 2
1184 2
2433 3
2154 6
2325 2
903 4
643 3
154 3
1096 1
1688 2
1331 5
1853 3
1636 2
1717 1
479 2
132 4
597 1
559 3
1772 1
36 3
372 2
730 2
1480 2
1301 6
1650 2
1860 2
1081 1
1601 1
518 2
1056 2
981 0
1967 1
736 2
592 1
82 2
756 4
1605 6
1362 3
694 2
1021 0
1961 1
715 6
2402 2
1125 6
149 6
1418 6
1624 6
1755 1
1728 6
88 3
2202 6
2143 6
115 4
118 3
2392 1
1816 2
1884 1
606 2
1840 1
1984 4
1614 1
1659 2
1340 6
965 1
922 3
129 2
1391 2
338 4
1948 1
2022 4
2206 2
1009 6
1078 0
1482 3
1751 2
1329 1
1592 6
2249 3
1683 5
221 1
305 2
1731 6
2269 1
670 2
1949 1
67 0
770 2
159 0
487 2
504 1
1530 1
1697 2
2211 0
1864 4
1889 1
552 3
141 1
2477 1
567 3
925 2
1598 2
462 2
2415 2
2288 2
800 6
480 2
1863 2
577 3
2460 2
46 6
893 3
1789 3
609 2
2270 1
1169 6
371 2
1031 2
1204 0
406 4
1745 6
320 2
211 4
1086 1
1658 6
1182 2
1186 4
858 2
1114 3
1303 2
1167 6
1625 3
1678 2
808 1
74 1
255 2
1131 4
1092 6
2186 2
168 0
2107 1
1148 6
1064 4
2188 1
868 3
1652 3
2045 3
980 3
1271 6
429 5
684 2
2179 2
319 0
267 2
2364 2
2129 2
727 2
1545 2
514 1
45 3
419 2
2266 2
106 6
105 4
1055 2
1639 3
2400 6
2196 3
1057 1
912 2
142 0
2428 0
761 6
269 0
1214 6
1139 4
1589 6
445 6
548 1
1979 0
271 2
1923 3
451 1
1753 1
2105 2
801 2
1807 0
299 2
804 6
913 2
713 0
2436 2
520 1
2322 2
418 4
2337 1
649 2
718 1
2140 1
86 1
1073 4
1578 3
2133 1
2445 6
2000 4
1409 4
160 4
1970 6
1034 6
13 6
1464 0
685 6
915 4
125 2
654 6
410 1
395 3
2398 3
482 1
182 6
2109 3
1347 2
121 1
1710 1
145 5
991 1
425 6
995 6
2057 1
672 3
723 2
560 1
199 2
217 4
47 3
212 2
219 2
666 2
1243 2
1098 1
1372 6
292 5
1177 0
2303 2
428 2
954 2
1173 6
1160 0
1571 3
747 2
475 1
1198 5
2006 4
2035 2
1795 0
2156 6
2432 1
1766 3
1310 0
1769 2
630 6
1854 3
196 2
1118 1
2167 2
792 6
143 3
1442 2
2060 6
1541 2
365 0
2446 0
119 5
1444 3
12 3
1384 6
1990 1
1355 6
2354 1
174 1
2397 0
1519 3
1026 3
294 2
2335 2
1510 6
821 6
58 1
653 2
353 2
265 3
1090 6
1249 0
1995 2
1344 2
412 3
741 2
1472 3
1298 2
891 3
198 1
1992 6
1070 6
1551 6
692 4
1770 2
758 2
455 3
1698 1
2347 0
1457 0
1777 0
872 2
2009 2
1515 2
387 3
883 1
150 6
1837 2
2383 3
2085 3
1865 1
2086 3
1583 0
1735 5
970 6
176 4
1023 3
1691 2
2289 2
594 2
885 0
204 2
1922 3
2330 2
1439 6
1179 1
2416 3
538 3
1113 3
1088 2
1119 6
1868 1
2459 2
1033 2
815 6
598 2
1402 2
696 3
2373 2
1802 2
1991 1
423 6
1200 4
2097 1
2052 1
596 6
261 2
1256 3
2464 2
349 0
1441 0
505 1
2223 2
986 6
26 1
1696 1
940 5
1251 1
1708 6
1282 2
661 2
579 3
989 0
1153 0
2263 2
1950 1
171 4
2281 3
2142 0
1561 2
1609 2
1393 4
2100 4
2197 2
1493 2
1687 2
849 2
2312 6
720 2
273 2
2071 3
2027 6
841 6
2226 2
679 2
1018 3
2152 6
1746 6
669 2
98 2
218 6
1919 2
1434 1
958 2
1907 6
503 2
943 3
1484 6
427 2
1315 6
1424 0
1719 1
1110 3
76 5
500 1
1528 6
1363 0
825 2
1809 3
2029 2
515 2
1221 6
1500 3
2339 1
1461 1
1141 6
1871 1
565 0
899 2
1588 2
1623 6
950 2
388 2
239 0
1776 2
955 6
1513 5
1269 2
1159 6
1815 2
2126 2
2173 2
2264 0
1877 1
1080 6
1763 6
887 3
806 5
605 1
1423 2
1554 1
809 1
652 2
737 6
539 1
1477 4
431 3
1629 4
1143 0
1756 0
1747 6
1525 2
1296 1
83 6
2047 6
1421 1
1368 2
840 2
759 2
2068 2
1411 4
731 2
582 3
973 2
2291 2
2036 6
1664 6
725 3
938 2
1029 2
1253 3
1767 3
1675 2
575 3
350 2
1473 3
870 3
1841 1
390 2
2227 1
638 6
1909 6
2021 1
823 2
1843 3
260 2
1790 2
2301 2
1723 6
663 3
1555 2
1754 1
2092 3
348 2
1739 2
99 2
2031 2
1366 6
1295 1
2287 2
243 3
197 2
998 6
1412 4
37 0
1414 2
2048 2
2238 1
1714 2
1573 3
842 3
220 2
2214 2
568 3
2355 6
963 2
1338 2
2066 5
1219 2
1383 3
85 2
430 2
2138 0
397 1
772 6
657 3
362 6
2449 0
994 6
1466 3
301 1
633 1
1670 6
2141 0
1299 3
636 2
2164 2
1250 0
897 2
1533 2
540 1
2348 5
2479 6
49 0
2153 0
1489 5
1563 3
103 3
1520 4
2091 3
42 3
1048 6
935 0
554 1
1359 3
1036 2
1988 1
2182 3
839 6
1446 2
1165 6
1436 2
444 4
537 4
1079 0
890 3
1507 6
728 2
2135 3
80 2
1313 2
717 2
2090 6
113 2
1628 2
1151 2
1607 4
258 6
2024 2
332 3
138 1
2237 2
359 0
674 1
623 3
1176 2
357 6
2457 0
242 2
668 2
2448 6
811 3
2271 2
667 2
1999 4
2278 2
2435 2
971 3
764 5
836 6
735 0
2106 4
456 2
1512 3
1346 2
227 2
2191 3
1743 6
600 6
2077 3
2233 3
277 2
1052 3
1968 1
1364 1
1627 2
1252 4
1112 3
2111 2
1161 1
1261 2
1749 4
590 3
707 6
584 6
1701 2
1209 2
140 0
2359 2
1559 0
802 5
1680 1
875 3
131 2
41 1
1059 6
1104 2
1220 0
2444 6
677 2
916 2
193 2
1248 0
133 0
1677 2
1764 4
2407 3
2470 1
393 6
1963 1
2341 1
1786 6
1397 6
1631 4
164 2
1234 1
2132 1
104 2
1867 1
307 0
2049 6
1576 3
2061 6
1514 2
93 6
1203 2
987 2
576 3
331 1
485 2
1255 2
2102 2
693 6
2033 2
909 2
454 2
1085 6
2390 1
1158 3
2062 1
1781 0
880 6
1053 1
931 0
2225 1
1526 2
732 3
948 2
401 2
2003 6
1524 0
618 2
2439 2
2189 3
2382 1
1518 2
1800 2
1327 1
1523 3
1544 2
2063 6
1660 3
135 1
1478 2
1927 2
249 2
266 1
44 2
1819 3
336 0
2378 2
2396 0
434 1
908 2
1686 2
1713 1
484 6
1399 4
2222 5
1938 1
306 0
2447 0
192 2
708 1
2426 0
374 6
1705 2
2454 4
788 6
929 2
760 2
54 6
20 1
1145 6
2463 3
2058 2
200 2
2008 4
1037 2
1386 0
2296 1
1435 3
921 3
1897 6
1793 1
1585 0
550 2
1193 6
1937 1
979 2
1741 0
1237 6
829 2
773 2
939 3
1932 1
1205 3
1616 2
530 2
2429 2
2307 2
1962 1
1933 1
1134 1
1975 2
1890 2
2017 6
1934 1
1692 2
53 6
1356 2
1706 5
184 6
1330 5
1044 3
289 4
1187 2
2380 2
2279 3
175 2
1921 1
629 3
2076 6
70 0
1511 1
1779 0
1547 4
622 2
1213 6
2475 0
194 6
210 2
1394 2
919 3
933 2
604 2
599 2
389 2
782 1
2108 3
703 2
1557 6
248 0
1955 2
2369 2
816 2
1499 5
284 1
1494 2
1667 1
2385 6
1001 2
1572 3
1300 2
237 0
855 2
1084 5
1906 1
486 2
754 3
1505 6
285 1
2134 2
356 2
1455 0
2261 3
1732 6
2381 3
876 1
936 6
328 2
1567 2
247 6
2466 1
856 2
157 2
942 5
17 1
859 2
751 0
43 2
914 3
1796 5
1239 0
1940 1
2244 2
535 2
1102 2
1928 3
785 2
1716 2
1065 3
1264 2
235 4
2302 6
1910 3
2350 6
1174 2
1410 4
2044 2
2332 6
1694 6
1727 2
2028 4
2101 1
1838 6
1594 1
2195 5
1283 6
40 6
1343 6
896 2
647 6
1150 2
968 6
2293 3
832 2
1724 6
2472 6
439 3
438 3
178 2
1268 6
1190 2
1509 3
826 2
363 1
1595 3
1610 0
1917 0
2327 3
1617 3
162 0
92 2
1192 5
705 0
688 2
2042 2
1835 3
209 2
2165 2
2038 2
2404 2
1172 2
120 6
1784 0
1641 1
1432 1
953 4
123 6
1833 0
1998 2
1733 2
946 6
2023 6
2203 2
722 2
2098 3
139 4
2393 1
2187 4
1422 1
2056 3
443 3
1352 6
2248 6
1915 2
956 2
1606 3
183 2
1324 2
691 3
978 1
1428 2
345 6
1274 4
1373 6
566 3
850 2
551 6
1109 3
569 3
66 1
240 3
2361 2
1281 2
2149 1
422 0
2306 2
904 6
664 1
1780 0
1798 0
1744 6
2441 0
1120 4
2099 1
2158 4
1195 1
2207 6
2326 3
857 4
768 2
2241 4
1094 4
2300 2
226 3
492 3
1325 6
1254 6
1273 2
1015 6
1913 2
1147 2
1608 3
553 2
2181 6
911 2
1230 2
689 2
116 0
2089 2
847 6
1966 4
863 2
72 2
1982 2
555 2
2357 2
2130 3
541 6
1997 2
1892 2
640 2
627 2
1361 6
109 2
1611 6
1211 6
2001 4
812 6
2175 2
683 4
177 4
2183 6
1142 6
1896 2
1323 2
2371 2
499 0
905 6
1350 2
1156 0
52 0
1007 2
676 1
556 2
463 0
2240 1
347 2
2054 1
1071 4
2292 0
1240 0
1267 6
495 2
1345 2
146 2
828 6
2039 6
778 2
835 6
11 6
1231 0
447 2
2455 4
1570 3
24 2
478 0
279 0
1612 0
1874 1
1138 6
1885 1
867 6
399 6
1498 6
195 0
2317 1
2401 0
435 1
697 2
752 0
1284 2
1581 2
2276 4
201 1
27 1
257 1
2032 2
1804 0
838 1
2136 3
1451 6
972 2
283 2
2338 2
1492 3
1471 3
2309 1
352 6
2467 6
1700 2
2088 2
81 3
625 1
1831 0
1826 0
1358 6
920 0
1861 6
377 2
516 1
861 4
1942 1
188 0
930 2
738 5
124 6
776 1
680 1
1289 6
1068 3
128 2
2384 2
536 2
1704 6
2157 1
398 2
2268 2
1063 6
2002 4
2344 0
2438 2
134 0
755 1
189 0
2331 0
